100.0 130.0 1
102.0 129.93325909419153 1
104.0 129.73213749463702 1
106.0 129.39387691339815 1
108.0 128.91366458960192 1
110.0 128.2842712474619 1
112.0 127.49545416973504 1
114.0 126.5329983228432 1
116.0 125.37715508089904 1
118.0 124.0 1
120.0 122.36067977499789 1
122.0 120.39607805437115 1
124.0 118.0 1
126.0 114.96662954709576 1
128.0 110.770329614269 1
130.0 100.0 1
132.0 NaN 1
134.0 NaN 1
136.0 NaN 1
138.0 NaN 1
140.0 NaN 1
142.0 NaN 1
144.0 NaN 1
146.0 NaN 1
148.0 NaN 1
150.0 NaN 1
152.0 NaN 1
154.0 NaN 1
156.0 NaN 1
158.0 NaN 1
160.0 NaN 1
158.0 NaN 1
156.0 NaN 1
154.0 NaN 1
152.0 NaN 1
150.0 NaN 1
148.0 NaN 1
146.0 NaN 1
144.0 NaN 1
142.0 NaN 1
140.0 NaN 1
138.0 NaN 1
136.0 NaN 1
134.0 NaN 1
132.0 NaN 1
130.0 100.0 1
128.0 89.229670385731 1
126.0 85.03337045290424 1
124.0 82.0 1
122.0 79.60392194562885 1
120.0 77.63932022500211 1
118.0 76.0 1
116.0 74.62284491910096 1
114.0 73.4670016771568 1
112.0 72.50454583026496 1
110.0 71.7157287525381 1
108.0 71.08633541039808 1
106.0 70.60612308660185 1
104.0 70.26786250536298 1
102.0 70.06674090580847 1
100.0 70.0 1
98.0 70.06674090580847 1
96.0 70.26786250536298 1
94.0 70.60612308660185 1
92.0 71.08633541039808 1
90.0 71.7157287525381 1
88.0 72.50454583026496 1
86.0 73.4670016771568 1
84.0 74.62284491910096 1
82.0 76.0 1
80.0 77.63932022500211 1
78.0 79.60392194562885 1
76.0 82.0 1
74.0 85.03337045290424 1
72.0 89.229670385731 1
70.0 100.0 1
68.0 NaN 1
66.0 NaN 1
64.0 NaN 1
62.0 NaN 1
60.0 NaN 1
58.0 NaN 1
56.0 NaN 1
54.0 NaN 1
52.0 NaN 1
50.0 NaN 1
48.0 NaN 1
46.0 NaN 1
44.0 NaN 1
42.0 NaN 1
40.0 NaN 1
42.0 NaN 1
44.0 NaN 1
46.0 NaN 1
48.0 NaN 1
50.0 NaN 1
52.0 NaN 1
54.0 NaN 1
56.0 NaN 1
58.0 NaN 1
60.0 NaN 1
62.0 NaN 1
64.0 NaN 1
66.0 NaN 1
68.0 NaN 1
70.0 100.0 1
72.0 110.770329614269 1
74.0 114.96662954709576 1
76.0 118.0 1
78.0 120.39607805437115 1
80.0 122.36067977499789 1
82.0 124.0 1
84.0 125.37715508089904 1
86.0 126.5329983228432 1
88.0 127.49545416973504 1
90.0 128.2842712474619 1
92.0 128.91366458960192 1
94.0 129.39387691339815 1
96.0 129.73213749463702 1
98.0 129.93325909419153 1
