-158.361213687295
-81.86419978043489
1
-157.82119525956261
-81.11129172081233
1
-157.27265551420822
-80.35836821221015
1
-156.71571722009668
-79.60536251433516
1
-156.15050840461356
-78.85221287974299
1
-155.57716226633505
-78.09886250492906
1
-154.99581706963139
-77.34525949374894
1
-154.4066160212683
-76.59135683217016
1
-153.80970712917025
-75.83711237341393
1
-153.2052430436085
-75.08248883259648
1
-152.59338088117886
-74.327453790021
1
-151.9742820320378
-73.5719797023047
1
-151.34811195096503
-72.81604392055152
1
-150.7150399329214
-72.0596287148034
1
-150.07523887386733
-71.3027213040174
1
-149.42888501769914
-70.54531389082786
1
-148.77615769025041
-69.78740370035865
1
-148.11723902138436
-69.02899302235627
1
-147.45231365628078
-68.27008925591295
1
-146.78156845708702
-67.51070495604903
1
-146.10519219616086
-66.7508578814199
1
-145.42337524218365
-65.99057104240816
1
-144.73630924046057
-65.22987274885548
1
-144.0441867887545
-64.46879665668428
1
-143.3472011100194
-63.7073818126516
1
-142.64554572340688
-62.94567269647395
1
-141.93941411491593
-62.18371925955686
1
-141.22899940904398
-61.42157695956049
1
-140.51449404277304
-60.65930679003319
1
-139.79608944318923
-59.89697530434448
1
-139.0739757099929
-59.1346546331567
1
-138.3483413041007
-58.3724224946809
1
-137.61937274348298
-57.61036219697451
1
-136.88725430730793
-56.84856263155677
1
-136.15216774939017
-56.08711825763545
1
-135.41429202185958
-55.326129076266135
1
-134.67380300987918
-54.5657005937963
1
-133.93087327814993
-53.80594377398043
1
-133.18567182984847
-53.046974978196445
1
-132.43836387854657
-52.28891589323928
1
-131.68911063356518
-51.53189344622161
1
-130.93806909911837
-50.77603970616972
1
-130.18539188750938
-50.02149177196729
1
-129.4312270465418
-49.26839164636911
1
-128.67571790122122
-48.51688609588242
1
-127.91900290973216
-47.7671264963923
1
-127.16121553358917
-47.019268664492806
1
-126.40248412178113
-46.27347267457183
1
-125.64293180865143
-45.529902661791134
1
