2478 922 1
2472 914 1
2466 906 1
2461 898 1
2455 890 1
2449 882 1
2443 875 1
2437 867 1
2431 859 1
2425 851 1
2419 843 1
2413 835 1
2406 827 1
2400 819 1
2393 811 1
2387 803 1
2380 795 1
2373 787 1
2366 779 1
2360 771 1
2353 763 1
2346 754 1
2339 746 1
2332 738 1
2325 730 1
2317 722 1
2310 713 1
2303 705 1
2296 697 1
2288 689 1
2281 680 1
2274 672 1
2266 664 1
2259 655 1
2251 647 1
2244 639 1
2236 630 1
2229 622 1
2221 614 1
2214 605 1
2206 597 1
2199 588 1
2191 580 1
2183 572 1
2176 563 1
2168 555 1
2161 546 1
2153 538 1
2145 530 1
2138 521 1
2130 513 1
2133 516 1
2137 519 1
2140 521 1
2144 524 1
2147 527 1
2150 530 1
2154 533 1
2157 536 1
2161 539 1
2164 541 1
2168 544 1
2171 547 1
2175 550 1
2178 553 1
2182 556 1
2185 560 1
2185 560 1
2185 560 1
2185 560 1
2185 560 1
2185 560 1
2185 560 1
2185 560 1
2185 560 1
2185 560 1
2185 560 1
2185 560 1
2185 560 1
2185 560 1
2185 560 1
2185 560 1
2185 560 1
2185 560 1
2185 560 1
2185 560 1
2185 560 1
2185 560 1
2185 560 1
2185 560 1
2185 560 1
2185 560 1
2185 560 1
2185 560 1
2185 560 1
2185 560 1
2185 560 1
2185 560 1
2185 560 1
2185 560 1
