249.0 181.0 0
248.0 181.0 1
234.0 192.0 1
234.0 192.0 1
233.0 201.0 1
233.0 201.0 1
253.0 211.0 1
253.0 211.0 1
253.0 221.0 1
253.0 221.0 1
233.0 231.0 1
233.0 231.0 1
277.0 176.0 0
277.0 176.0 1
281.0 221.0 1
281.0 221.0 1
302.0 181.0 0
302.0 181.0 1
282.0 198.0 1
282.0 198.0 1
305.0 216.0 1
305.0 216.0 1
348.0 179.0 0
348.0 179.0 1
330.0 214.0 1
330.0 214.0 1
318.0 177.0 0
318.0 177.0 1
337.0 198.0 1
337.0 198.0 1
360.0 179.0 0
360.0 179.0 1
360.0 210.0 1
360.0 210.0 1
361.0 180.0 0
361.0 180.0 1
376.0 205.0 1
377.0 179.0 1
377.0 179.0 1
389.0 204.0 0
389.0 204.0 1
389.0 179.0 1
389.0 179.0 1
410.0 188.0 1
392.0 192.0 0
392.0 192.0 1
409.0 195.0 1
409.0 195.0 1
401.0 201.0 0
410.0 217.0 0
388.0 204.0 0
388.0 204.0 1
409.0 210.0 1
429.0 187.0 0
465.0 187.0 1
448.0 186.0 0
448.0 218.0 1
