-134.7690570861817
-53.43798396988852
1
-134.3445846504142
-53.021317571122
1
-133.91973935440345
-52.605033714533995
1
-133.48248496392236
-52.20656463453544
1
-133.04534796963847
-51.80898426344458
1
-132.60834693803466
-51.41232127942649
1
-132.16439050637354
-51.038690152535935
1
-131.72097341928358
-50.66650515357423
1
-131.27810363465457
-50.29579613953823
1
-130.8335684862529
-49.95309092527981
1
-130.38987471785296
-49.612376493623614
1
-129.94701899149825
-49.273679900131725
1
-129.5075220310995
-48.96757051489181
1
-129.06903548299672
-48.663944602421
1
-128.63154545931644
-48.36282295362994
1
-128.20209781291126
-48.09835151995297
1
-127.77369491196335
-47.83677060370447
1
-127.34631418963839
-47.578092358445865
1
-126.93127181901912
-47.35949596210668
1
-126.51718205337077
-47.14408684717395
1
-126.10401620612261
-46.9318676027906
1
-125.70707478512536
-46.762447324624254
1
-125.3108831991686
-46.59638732437911
1
-124.91540943128277
-46.43368121753943
1
-124.53963461748288
-46.31572505613419
1
-124.16431708956168
-46.20117649767342
1
-123.7894241247956
-46.09002209208191
1
-123.43730710633372
-46.02478267095184
1
-123.08528840510102
-45.962881070774515
1
-122.73333677058164
-45.90429960107275
1
-122.4068652480872
-45.89202157137187
1
-122.08009042106534
-45.882911246569215
1
-121.75298408784394
-45.87694994376166
1
-121.45372013703782
-45.916937691900685
1
-121.15373119700881
-45.95984481230001
1
-120.8529930510995
-46.0056548174361
1
-120.5821510818334
-46.09636886468111
1
-120.3101627334992
-46.189700261162415
1
-120.03700811959146
-46.285637449956724
1
-119.79552799178583
-46.42480767366088
1
-119.55249791599871
-46.5662638750344
1
-119.30790219605612
-46.710001450697874
1
-119.09651420803559
-46.89474650317216
1
-118.88320497024901
-47.08143896949553
1
-118.6679624849273
-47.27008239021095
1
-118.48724228551512
-47.49702684242394
1
-118.30427315995404
-47.72559160251413
1
-118.11904610047404
-47.95578871289396
1
-117.96945856482301
-48.22117194239701
1
-117.81734645704587
-48.48787430155103
1
-117.66270295603582
-48.75591594835647
1
-117.54463474266511
-49.05568919634796
1
-117.42382399598695
-49.356516478057515
1
-117.30026528076098
-49.65842507784006
1
-117.21404622262948
-49.98833515752023
1
-117.1249274797075
-50.31907636279397
1
-117.03290427356845
-50.65068167606542
1
-116.97881802882011
-51.00634140901488
1
-116.92173656657398
-51.36265413601599
1
-116.86165514925278
-51.719656834149525
1
-116.83993972356653
-52.096603414268735
1
-116.8151938598928
-52.474069387954756
1
-116.78741237593587
-52.852093898705505
1
-116.7982512923123
-53.245837085470534
1
-116.80608163611684
-53.640008259291065
1
-116.8108974246345
-54.03464690656753
1
-116.85440250483538
-54.44070930579186
1
-116.8949730281738
-54.84714678867143
1
-116.93260197484285
-55.25399747317793
1
-117.00878893536758
-55.66794924792577
1
-117.08216110760858
-56.082257348121786
1
-117.15271030362507
-56.496957010517605
1
-117.26146865980425
-56.91444723723768
1
-117.36757019379894
-57.332304753533144
1
-117.47100551487678
-57.75056066780247
1
-117.6120646057275
-58.167347255728025
1
-117.75065469462221
-58.58453782260354
1
-117.88676524908115
-59.0021584159848
1
-118.05965849578604
-59.4141380699721
1
-118.2302917135513
-59.8265809019199
1
-118.3986533938394
-60.239507311151755
1
-118.60268312208927
-60.642746461896564
1
-118.80467435406018
-61.046528264778885
1
-119.00461489132017
-61.450867238677475
1
-119.23882011408215
-61.84163421625353
1
-119.4712129087007
-62.23304236976061
1
-119.70178081009746
-62.62510044782535
1
-119.96491022718921
-62.999898475446976
1
-120.22645076724847
-63.375454886242096
1
-120.48639026823689
-63.751773073925015
1
-120.77688236753737
-64.10737297032209
1
-121.06600083390094
-64.46386731840684
1
-121.3537345187282
-64.82125481658505
1
-121.66970607955582
-65.15472569995148
1
-121.98450655342609
-65.48924623903302
1
-122.29812663013496
-65.82481126095675
1
-122.63737019709295
-66.13354713953072
1
-122.97562949407745
-66.44350686161354
1
-123.31289794100954
-66.75468228150376
1
-123.67288805718779
-67.03642228333351
1
-124.03206311455997
-67.319578201585
1
-124.39042015566712
-67.6041398022275
1
-124.76832743298777
-67.8569799966553
1
-125.14557019554465
-68.11144358452911
1
-125.52214992469673
-68.36751903968049
1
-125.9148614906909
-68.58991433937369
1
-126.3070397577241
-68.81415177577836
1
-126.69869130686067
-69.04021918796606
1
-127.10283587204798
-69.23097463197763
1
-127.50655833777225
-69.42379636450893
1
-127.9098708183305
-69.61867208637263
1
-128.3218465819069
-69.77692377224467
1
-128.73349033767255
-69.93746389210493
1
-129.1448198812653
-70.10028034859154
1
-129.56082371558838
-70.22546725171455
1
-129.97656275564702
-70.35315411908047
1
-130.39206030135406
-70.48332926211071
1
-130.8081170751403
-70.57515800275053
1
-131.22395080112136
-70.66967832675323
1
-131.63958976153933
-70.76687905925343
1
-132.05158120860668
-70.82528423937393
1
-132.46336249165716
-70.88654330489562
1
-132.8749660088156
-70.95064562540988
1
-133.27865915385553
-70.9757486073889
1
-133.68212212073135
-71.00382951774002
1
-134.08539023247465
-71.03487824350091
1
-134.4764659881753
-71.02694719498476
1
-134.86725429322263
-71.02207189390445
1
-135.25779191962962
-71.02024266156553
1
-135.63187502525267
-70.97965641031367
1
-136.0055719127744
-70.94215093250759
1
-136.37891910265807
-70.90771683272365
1
-136.7316110497149
-70.83493465453641
1
-137.08377296954887
-70.76520062475159
1
-137.4354392893019
-70.69850539326018
1
-137.76235624764348
-70.59404438825385
1
-138.08855213270576
-70.49253833354341
1
-138.41405740431128
-70.3939775810748
1
-138.71087539111878
-70.2583988530291
1
-139.00673390533697
-70.125620477873
1
-139.30165766945632
-69.99563205256109
1
-139.56416725250602
-69.82953653720081
1
-139.82543432369835
-69.66602677203059
1
-140.08547636396597
-69.50509103786861
1
-140.30964900057998
-69.30912554048436
1
-140.53225770012457
-69.11547491448029
1
-140.75331164370445
-68.92412549348705
1
-140.9353792520806
-68.6989992763895
1
-141.11553348958887
-68.47586696060722
1
-141.29377480846756
-68.2547122937461
1
-141.43032326268002
-68.00122435795241
1
-141.56459574056277
-67.7493680280366
1
-141.69658432718757
-67.49912390864807
1
-141.78466018355374
-67.21820088276574
1
-141.87010353009435
-66.93851729878234
1
-141.95289934275016
-66.66005025563162
1
-141.99012720625478
-66.35279446810074
1
-142.02439515504517
-66.04637028997874
1
-142.05568322020292
-65.74075127021091
1
-142.04038879314314
-65.4084980656885
1
-142.02186177998695
-65.07666984282301
1
-142.0000802141362
-64.74523699443967
1
-141.93141141895035
-64.38961959555354
1
-141.85931825418953
-64.03404102570245
1
-141.78378020597617
-63.67846944578134
1
-141.66181620081503
-63.30148861595815
1
-141.5363409605711
-62.92420202835985
1
-141.4073389472397
-62.5465771037964
1
-141.2331748975679
-62.15067154043628
1
-141.0555364510909
-61.75417914244769
1
-140.87441610638598
-61.35706860441617
1
-140.6502108985239
-60.945180465011944
1
-140.42270222858292
-60.532509306724066
1
-140.19189267922795
-60.119027482851756
1
-139.92086799195152
-59.69465590466986
1
-139.64684426354344
-59.26940898044868
1
-139.36983474848535
-58.84326521441671
1
-139.05621741464657
-58.41049943677285
1
-138.74002587630346
-57.97688419802335
1
-138.42128296652413
-57.54240639286229
1
-138.0701882519097
-57.10592954268871
1
-137.7170392451404
-56.66875478139901
1
-137.36186567135118
-56.23087897241187
1
-136.9791262430223
-55.79593418611773
1
-136.59491194696415
-55.360567221192184
1
-136.20925552790786
-54.924785446783496
1
-135.80120818626935
-54.497098155501675
1
-135.39228282932606
-54.069376851995756
1
